       N       E                     dE             d eps       ncg     rms          ort
SDA:   1    -0.330443691994E+01   -0.33044E+01   -0.56143E-02   128   0.140E-01 0.000E+00
DMP:   2    -0.330888049952E+01   -0.44436E-02   -0.32913E-02   128   0.510E-02 0.819E-02
DMP:   3    -0.331127707776E+01   -0.23966E-02   -0.13091E-02   128   0.183E-02 0.377E-02
DMP:   4    -0.331223744197E+01   -0.96036E-03   -0.58300E-03   128   0.869E-03 0.154E-02
DMP:   5    -0.331268006707E+01   -0.44263E-03   -0.27055E-03   128   0.386E-03 0.761E-03
DMP:   6    -0.331288513009E+01   -0.20506E-03   -0.12008E-03   128   0.166E-03 0.352E-03
DMP:   7    -0.331297826401E+01   -0.93134E-04   -0.53907E-04   128   0.713E-04 0.166E-03
   1 F= -.33129783E+01 E0= -.33126803E+01  d E =-.595848E-03
